1403636579.763556 0.0000000 0.0000000 0.0000000 -0.0000000 -0.0000000 -0.0000000 1.0000000
1403636579.863555 0.0014527 0.0666012 0.0273383 -0.0007928 0.0047985 -0.0022705 0.9999856
1403636579.913555 0.0008757 0.1091189 0.0415143 -0.0059952 0.0057359 -0.0029462 0.9999613
1403636580.013556 -0.0021561 0.2044504 0.0702375 -0.0171672 0.0056769 -0.0013571 0.9998356
1403636580.213556 -0.0070455 0.3951182 0.1237499 -0.0275380 0.0047136 0.0029109 0.9996054
1403636580.313555 -0.0096945 0.4749337 0.1421298 -0.0341371 0.0047555 -0.0001826 0.9994059
1403636580.413555 -0.0128338 0.5411631 0.1526639 -0.0473992 0.0038026 -0.0021188 0.9988666
1403636580.513556 -0.0162787 0.5784163 0.1558157 -0.0647297 0.0030988 -0.0027421 0.9978943
1403636580.763556 -0.0229417 0.4113126 0.1112554 -0.0632276 0.0040125 -0.0063982 0.9979706
1403636584.013556 0.0273092 0.5235966 0.1517731 -0.0644806 0.0273358 -0.0119588 0.9974728
1403636584.113555 0.0214128 0.5286763 0.1473903 -0.0644970 0.0205061 -0.0124710 0.9976293
1403636586.463556 0.0107545 0.2140134 -0.0540029 -0.1869014 0.0445149 0.0147018 0.9812595
1403636586.563555 0.0177561 0.2142077 -0.0752765 -0.2019995 0.0429396 0.0133908 0.9783522
1403636587.413555 0.1569580 0.1781182 -0.0248013 -0.1962270 0.0280145 0.0067414 0.9801351
1403636588.013556 0.5567496 0.1530730 0.0267880 -0.1952654 0.0608094 0.0279848 0.9784634
1403636588.163555 0.6313642 0.1632152 0.0345438 -0.2053473 0.0664420 0.0307822 0.9759459
1403636588.413555 0.6772574 0.1747676 0.0398128 -0.1997088 0.0615673 0.0337287 0.9773373
1403636589.063555 0.3571375 0.1750329 -0.0161524 -0.1976066 0.0429417 0.0271070 0.9789652
1403636589.813555 -0.3218397 0.1988807 -0.0842698 -0.1945271 0.0096088 0.0094209 0.9808049
1403636589.963556 -0.4275171 0.2186443 -0.0917728 -0.2022225 -0.0031142 0.0080962 0.9793012
1403636590.113555 -0.4991116 0.2248691 -0.0991971 -0.1962616 -0.0138467 0.0075994 0.9804243
1403636590.663555 -0.3341409 0.2036712 -0.1233226 -0.1869356 0.0046358 0.0015013 0.9823601
1403636590.863555 -0.1664806 0.1978894 -0.1181525 -0.1944843 0.0131407 0.0072517 0.9807908
1403636591.063555 0.0170288 0.1973097 -0.1019832 -0.1972723 0.0155838 0.0101571 0.9801723
1403636591.263556 0.1818029 0.1930734 -0.0820586 -0.1988432 0.0165128 0.0145884 0.9797836
1403636591.413555 0.2736482 0.2026315 -0.0635074 -0.2018915 0.0226953 0.0173142 0.9789918
1403636591.563555 0.3329189 0.2180328 -0.0384685 -0.1971744 0.0326318 0.0194086 0.9796330
1403636591.713556 0.3687699 0.2272916 -0.0053088 -0.1719025 0.0534992 0.0198023 0.9834609
1403636591.863555 0.3888585 0.2226594 0.0193347 -0.1417312 0.0702824 0.0183990 0.9872356
1403636592.063555 0.4224795 0.2078156 0.0588260 -0.1429126 0.0885439 0.0308766 0.9852830
1403636592.613555 0.4534546 0.1219820 0.3283832 -0.1589616 0.0686447 0.0360730 0.9842346
1403636592.813555 0.3378028 0.0938752 0.4252204 -0.1526827 0.0264209 0.0175626 0.9877659
1403636592.963556 0.1916815 0.0958985 0.4485107 -0.1598637 -0.0176432 0.0075489 0.9869526
1403636593.113555 0.0162337 0.1126736 0.4062159 -0.1673545 -0.0590581 -0.0048865 0.9841142
1403636593.663555 -0.3057757 0.2755218 -0.0207594 -0.1888981 -0.0896106 0.0025868 0.9778961
1403636593.813555 -0.2256624 0.3272570 -0.1218788 -0.1974467 -0.0506621 0.0208936 0.9787807
1403636593.963556 -0.0943834 0.3511308 -0.1993051 -0.1863335 0.0074899 0.0437491 0.9814835
1403636594.163555 0.1197019 0.3570505 -0.2205391 -0.1728310 0.0835034 0.0669951 0.9791161
1403636594.363555 0.3414397 0.3313135 -0.1434240 -0.1748596 0.1280191 0.0731220 0.9734929
1403636594.513556 0.4889974 0.2925875 -0.0255113 -0.1631088 0.1411000 0.0638594 0.9743758
1403636595.563555 -0.2009634 0.2889494 0.1668912 -0.1592907 -0.0808115 -0.0103599 0.9838641
1403636595.713556 -0.1126195 0.3256920 0.0783418 -0.1645592 -0.0694074 -0.0100558 0.9838708
1403636595.863555 0.0427421 0.3633694 0.0067875 -0.1650307 -0.0291058 -0.0077691 0.9858283
1403636596.063555 0.2374734 0.4136871 -0.0868362 -0.1700672 0.0333026 0.0088324 0.9848300
1403636596.213556 0.2804115 0.4391384 -0.1759929 -0.1739571 0.0612511 0.0228016 0.9825820
1403636596.463556 0.1375652 0.4496336 -0.3572451 -0.1632755 0.0667994 0.0275212 0.9839317
1403636596.613555 0.0311154 0.4550700 -0.4534999 -0.1585830 0.0638416 0.0190106 0.9850961
1403636596.813555 -0.0395116 0.4596984 -0.4859424 -0.1586581 0.0608393 0.0131605 0.9853695
1403636597.063555 0.0092450 0.4208587 -0.3101696 -0.1607226 0.0634087 0.0026734 0.9849571
1403636597.313555 0.0920364 0.3220989 -0.0188954 -0.1739225 0.0355162 -0.0073911 0.9840909
1403636598.263556 -0.0594903 0.3637118 -0.0061663 -0.1749759 -0.0708396 -0.0532834 0.9805744
1403636598.413555 -0.0307492 0.4189544 -0.0407404 -0.1886765 -0.0588545 -0.0570396 0.9786132
1403636598.613555 0.0142743 0.4485945 0.0366250 -0.1735706 -0.0615625 -0.0585768 0.9811484
1403636598.763556 0.0411754 0.4576175 0.1428553 -0.1448845 -0.0794680 -0.0564290 0.9846365
1403636598.963556 0.0715102 0.5003108 0.2854373 -0.1015981 -0.0912778 -0.0511728 0.9893066
1403636599.213556 0.0889507 0.5465177 0.3957180 -0.0467929 -0.1031456 -0.0422629 0.9926658
1403636599.563555 0.0955411 0.5811262 0.4865216 -0.0043521 -0.0876890 -0.0332356 0.9955838
1403636599.713556 0.1003325 0.6006785 0.5015022 -0.0087721 -0.0827997 -0.0316171 0.9960259
1403636599.913555 0.1069518 0.6021437 0.4996402 0.0167850 -0.0851461 -0.0277000 0.9958419
1403636611.663555 0.1122809 0.6045309 0.4992865 0.0186103 -0.0858473 -0.0178412 0.9959747
1403636624.413555 0.1209361 0.6056521 0.4957130 0.0069731 -0.0786001 -0.0195562 0.9966900
1403636624.563555 0.1395105 0.6090329 0.4840683 -0.0055680 -0.0733027 -0.0197771 0.9970981
1403636624.763556 0.1822256 0.6182514 0.4613519 -0.0010721 -0.0677690 -0.0306252 0.9972303
1403636624.913555 0.2294486 0.6227842 0.4284714 -0.0137451 -0.0612640 -0.0531435 0.9966111
1403636625.063555 0.2701173 0.5945749 0.3748844 -0.0318175 -0.0560047 -0.0700396 0.9954625
1403636625.263556 0.2885582 0.5020648 0.3103240 -0.0349732 -0.0614104 -0.0592720 0.9957371
1403636625.513556 0.2902552 0.4785266 0.2972649 -0.0351879 -0.0657867 -0.0551776 0.9956854
1403636625.763556 0.2723526 0.4403974 0.3276353 -0.0263224 -0.0687343 -0.0571207 0.9956505
1403636626.913555 0.2661630 -0.0434262 0.3552911 -0.0012680 -0.0816616 -0.0526834 0.9952659
1403636627.213556 0.3291180 0.0079574 0.3281653 -0.0155580 -0.0815797 -0.0554338 0.9950024
1403636627.463556 0.3684335 -0.0706990 0.2729425 -0.0055067 -0.0832488 -0.0506673 0.9952247
1403636627.713556 0.4232339 -0.1125167 0.2255046 -0.0168488 -0.0658538 -0.0433560 0.9967445
1403636627.963556 0.4906990 -0.0600157 0.2287907 -0.0409472 -0.0356613 -0.0402101 0.9977148
1403636628.563555 0.6203016 -0.2931952 0.2979786 -0.0047801 -0.0266470 -0.0144062 0.9995297
1403636628.863555 0.7511430 -0.3308050 0.3398454 -0.0156283 -0.0146463 -0.0224634 0.9995182
1403636629.163555 0.9098306 -0.3954643 0.3890253 -0.0283451 0.0064555 -0.0216806 0.9993422
1403636629.413555 1.0432776 -0.4589809 0.4675877 -0.0173542 0.0270644 -0.0070877 0.9994579
1403636629.713556 1.2429817 -0.4494402 0.5955217 -0.0253470 0.0700124 0.0136567 0.9971306
1403636629.913555 1.4091029 -0.3933798 0.7236241 -0.0367488 0.1135437 0.0247464 0.9925447
1403636630.163555 1.6248603 -0.4021429 0.9058340 -0.0236628 0.1462961 0.0324372 0.9884257
1403636630.413555 1.8436805 -0.4998684 1.0712584 -0.0087859 0.1573246 0.0326713 0.9869673
1403636630.613555 2.0196931 -0.6179786 1.1873838 -0.0161082 0.1569978 0.0243181 0.9871681
1403636630.763556 2.1360641 -0.6941079 1.2793863 -0.0183448 0.1535213 0.0212154 0.9877473
1403636631.463556 2.6527500 -0.8480052 1.8375260 -0.0104681 0.1420416 0.0247330 0.9894963
1403636631.663555 2.7941635 -0.8385024 2.0103917 -0.0120731 0.1408958 0.0196745 0.9897553
1403636631.913555 2.9519014 -0.8710731 2.2046943 -0.0143927 0.1397969 0.0153986 0.9899558
1403636632.113555 3.0651736 -0.9236321 2.3500950 -0.0112819 0.1406077 0.0132770 0.9899121
1403636632.263556 3.1374025 -0.9645661 2.4571130 -0.0095449 0.1432216 0.0105141 0.9895888
1403636632.513556 3.2255776 -0.9845798 2.6517701 -0.0157850 0.1407104 0.0200679 0.9897215
1403636633.113555 3.4348011 -1.0348746 3.1708386 -0.0178964 0.0459797 -0.0164663 0.9986463
1403636633.563555 3.5835099 -1.1041888 3.6465507 -0.0300340 0.0245515 -0.0121993 0.9991729
1403636633.813555 3.6811783 -1.1422194 3.9427564 -0.0323240 0.0303646 -0.0081341 0.9989830
1403636634.013556 3.7597957 -1.2347975 4.1922092 -0.0266174 0.0320366 0.0060914 0.9991137
1403636634.213556 3.8650079 -1.3233058 4.4517446 -0.0294417 0.0330934 0.0043257 0.9990092
1403636634.463556 4.0244031 -1.4850056 4.7864380 -0.0139686 0.0339813 -0.0123781 0.9992482
1403636634.663555 4.1429391 -1.5663477 5.0667658 -0.0061862 0.0283875 -0.0193434 0.9993907
1403636634.863555 4.2518086 -1.6417398 5.3304458 -0.0120741 0.0145938 -0.0263636 0.9994730
1403636635.063555 4.3458943 -1.7495023 5.5689073 -0.0183030 0.0036616 -0.0322565 0.9993053
1403636635.263556 4.4305282 -1.8316510 5.8171258 -0.0227193 -0.0034871 -0.0320855 0.9992208
1403636635.463556 4.5052986 -1.9047772 6.0799160 -0.0272164 -0.0089671 -0.0238436 0.9993050
1403636635.713556 4.6069674 -2.0649230 6.4107904 -0.0252031 -0.0095925 -0.0174834 0.9994835
1403636635.913555 4.7024593 -2.2625959 6.6680117 -0.0170535 -0.0119192 -0.0035609 0.9997772
1403636636.163555 4.8659592 -2.5163181 6.9943714 -0.0309329 -0.0049639 -0.0181480 0.9993444
1403636636.413555 5.0419583 -2.8152909 7.3231463 0.0014886 -0.0014985 -0.0300050 0.9995475
1403636636.663555 5.2057724 -3.0454497 7.6194687 0.0128090 0.0038906 -0.0458641 0.9988580
1403636636.863555 5.3085155 -3.1327605 7.8502116 0.0105770 0.0094458 -0.0634266 0.9978858
1403636637.263556 5.3881502 -3.1657386 8.2331152 -0.0127072 -0.0063516 -0.0333288 0.9993435
1403636637.663555 5.4114370 -3.2912333 8.5514622 -0.0233353 -0.0115417 -0.0322885 0.9991395
1403636637.963556 5.4094634 -3.5269554 8.7710991 -0.0131491 -0.0137417 -0.0336656 0.9992522
1403636638.213556 5.4115782 -3.6180701 8.9857569 -0.0056251 -0.0156047 -0.0331065 0.9993142
1403636638.413555 5.4151683 -3.6192448 9.1609163 -0.0235164 -0.0197953 -0.0227048 0.9992695
1403636638.613555 5.4306822 -3.5967717 9.3627739 -0.0491154 -0.0223219 -0.0151202 0.9984292
1403636638.913555 5.4958925 -3.7218928 9.7065859 -0.0263111 -0.0204179 -0.0262751 0.9990999
1403636639.163555 5.5611420 -3.8912866 10.0039949 -0.0234023 -0.0285394 -0.0038106 0.9993114
1403636639.363555 5.6576614 -3.9285734 10.2792616 -0.0247817 -0.0263538 -0.0100077 0.9992954
1403636639.663555 5.8557553 -3.9148064 10.7409821 -0.0158421 -0.0159831 -0.0438794 0.9987833
1403636640.263556 6.1612158 -4.0996737 11.5026808 -0.0031488 -0.0395176 -0.0432782 0.9982762
1403636640.563555 6.2858067 -4.2206740 11.8012304 -0.0047118 -0.0527652 -0.0496131 0.9973626
1403636640.813555 6.3856912 -4.2527032 12.0350876 -0.0076341 -0.0567600 -0.0511723 0.9970464
1403636641.063555 6.4785690 -4.3119850 12.2307301 -0.0084151 -0.0570857 -0.0516329 0.9969978
1403636641.513556 6.6064563 -4.3217497 12.5739212 -0.0068793 -0.0577116 -0.0390364 0.9975461
1403636641.663555 6.6538081 -4.3231316 12.6769314 -0.0072634 -0.0547575 -0.0445392 0.9974794
1403636641.863555 6.7205958 -4.3637547 12.7808142 -0.0049988 -0.0533493 -0.0468331 0.9974646
1403636642.813555 6.9878225 -4.5010009 13.1016426 -0.0222704 0.0036317 -0.0236907 0.9994647
1403636643.513556 7.1877680 -4.5718646 13.3402090 -0.0235012 0.0003969 -0.0199788 0.9995241
1403636643.713556 7.2580452 -4.6475902 13.4074755 -0.0364537 -0.0013699 -0.0228505 0.9990731
1403636643.963556 7.3495631 -4.7797575 13.5338640 -0.0475882 -0.0015591 -0.0270579 0.9984993
1403636644.163555 7.4258890 -4.8517599 13.7020960 -0.0484457 -0.0014884 -0.0280706 0.9984302
1403636644.563555 7.5916829 -4.9288387 14.1698256 -0.0025163 -0.0128384 0.0082105 0.9998807
1403636644.813555 7.7890072 -4.8577309 14.4736605 0.0006671 -0.0026640 -0.0193375 0.9998093
1403636645.013556 7.9543495 -4.7645874 14.6958265 -0.0141756 0.0029931 -0.0275576 0.9995152
1403636645.213556 8.1098080 -4.7189765 14.9011755 -0.0567188 0.0042821 -0.0233999 0.9981068
1403636645.413555 8.2601414 -4.7605972 15.1461744 -0.0511098 0.0057521 -0.0248141 0.9983681
1403636645.563555 8.3676090 -4.8052621 15.3674383 -0.0424154 0.0067488 -0.0252215 0.9987589
1403636645.763556 8.5119324 -4.8606257 15.6951723 -0.0367327 0.0068677 -0.0258404 0.9989674
1403636645.913555 8.6118727 -4.9419494 15.9484625 -0.0377158 0.0059843 -0.0229277 0.9990075
1403636646.113555 8.7477865 -5.1234603 16.2896767 -0.0218433 0.0188100 -0.0076334 0.9995553
1403636646.363555 8.9579525 -5.3467035 16.7114429 -0.0026307 0.0717943 0.0262426 0.9970707
1403636646.563555 9.1736126 -5.4776039 17.0298748 0.0136518 0.1215728 0.0297032 0.9920441
1403636646.763556 9.3717537 -5.6439042 17.3030205 0.0077426 0.1479902 0.0309950 0.9884728
1403636647.013556 9.6125765 -5.8859167 17.5574474 0.0035336 0.1584244 0.0327764 0.9868206
1403636647.313555 9.8868971 -6.0880752 17.8357220 -0.0073726 0.1564167 0.0337901 0.9870855
1403636647.513556 10.0694370 -6.1651692 18.0098553 0.0021731 0.1508468 0.0364313 0.9878833
1403636647.863555 10.4170475 -6.3025327 18.2426548 0.0058453 0.1553317 0.0378927 0.9871181
1403636648.213556 10.7986450 -6.3185644 18.3967457 0.0048877 0.2178125 0.0572067 0.9743004
1403636648.563555 11.1957502 -6.1808724 18.5144444 0.0067220 0.3071898 0.0890193 0.9474518
1403636648.913555 11.5507698 -6.1263471 18.5290089 -0.0224101 0.3465466 0.1059963 0.9317554
1403636649.163555 11.7944136 -6.2060413 18.5108986 -0.0104882 0.3511599 0.0993536 0.9309703
1403636649.563555 12.1727867 -6.4918494 18.4204254 -0.0018020 0.3411750 0.0907794 0.9356043
1403636649.963556 12.4828167 -6.7763948 18.2727737 0.0131378 0.3616491 0.0948397 0.9273849
1403636650.313555 12.7171774 -6.8059759 18.1315842 0.0127484 0.4035355 0.1091067 0.9083460
1403636650.563555 12.8476620 -6.7287436 18.0215988 0.0004916 0.4591479 0.1345308 0.8781142
1403636650.913555 13.0074244 -6.5975885 17.8398972 0.0007140 0.4952615 0.1450731 0.8565450
1403636651.263556 13.0846462 -6.6031446 17.6299534 0.0054423 0.4973487 0.1411670 0.8559712
1403636651.713556 13.1110392 -6.6076636 17.3267574 0.0102383 0.4855445 0.1381894 0.8631601
1403636652.063555 13.1066837 -6.4616098 17.0762386 0.0254090 0.5210277 0.1624052 0.8375615
1403636652.213556 13.0896158 -6.3543701 16.9542732 0.0125779 0.5622956 0.1725011 0.8086464
1403636652.463556 13.0422096 -6.1468997 16.7262440 -0.0078308 0.6232004 0.2063795 0.7542993
1403636652.913555 13.0439310 -5.9387927 16.2659721 -0.0230119 0.6538044 0.2268876 0.7214793
1403636653.113555 13.1158409 -5.9207640 16.0611534 -0.0169087 0.6549909 0.2166299 0.7237213
1403636653.363555 13.2240849 -5.8260832 15.8424597 -0.0013782 0.6540318 0.1958456 0.7306745
1403636653.813555 13.3534756 -5.8046751 15.4542408 0.0068855 0.6455967 0.1845551 0.7410107
1403636653.963556 13.3792400 -5.7657118 15.3328896 0.0077371 0.6444005 0.1848064 0.7419803
1403636654.363555 13.3621120 -5.6268635 15.0615520 0.0073407 0.6622275 0.1978645 0.7226690
1403636654.463556 13.3475180 -5.6170492 14.9766474 0.0036391 0.6743734 0.2039262 0.7096629
1403636654.713556 13.2785654 -5.6331587 14.7705269 -0.0011719 0.7028199 0.2233001 0.6754109
1403636654.813555 13.2473450 -5.6217451 14.6960239 -0.0032095 0.7097698 0.2279984 0.6665082
1403636655.213556 13.1357412 -5.5025110 14.4459190 0.0126433 0.7268776 0.2152982 0.6520244
1403636655.363555 13.0671282 -5.4452214 14.3695097 0.0191850 0.7326186 0.2168885 0.6448731
1403636655.513556 12.9803925 -5.3934093 14.2903872 0.0216259 0.7417080 0.2203650 0.6331199
1403636655.813555 12.7438440 -5.2617464 14.1168900 0.0081546 0.7581911 0.2561993 0.5995345
1403636656.063555 12.5543041 -5.0516720 13.9814711 0.0112862 0.7825930 0.2697114 0.5609604
1403636656.163555 12.4791613 -4.9919538 13.9044743 0.0084493 0.7895017 0.2713205 0.5504552
1403636656.263556 12.4066439 -4.9518070 13.8220825 0.0034638 0.7938799 0.2726451 0.5435138
1403636656.363555 12.3340521 -4.9262390 13.7299814 0.0014397 0.7956493 0.2749036 0.5397853
1403636656.663555 12.1494484 -4.9229307 13.4147987 0.0011569 0.7974719 0.2675563 0.5407873
1403636657.113555 11.8779564 -4.7811832 12.9930153 0.0214532 0.7999114 0.2402773 0.5494983
1403636657.263556 11.7507820 -4.7044706 12.8790989 0.0253263 0.7967874 0.2463532 0.5511792
1403636657.413555 11.5982523 -4.6406112 12.7518883 0.0221994 0.7929317 0.2576652 0.5517020
1403636657.713556 11.2810183 -4.4805560 12.5024395 0.0161363 0.7890184 0.2717207 0.5507790
1403636657.863555 11.1209106 -4.3708024 12.3630905 0.0206470 0.7900237 0.2777140 0.5461788
1403636658.013556 10.9620972 -4.2599573 12.1984768 0.0217238 0.7889924 0.2868910 0.5428744
1403636658.313555 10.6478815 -4.0992346 11.7948055 -0.0017245 0.7975014 0.2742362 0.5373855
1403636658.413555 10.5545645 -4.0323114 11.6549168 -0.0060984 0.7986905 0.2728860 0.5362738
1403636658.563555 10.4259186 -3.9231043 11.4468899 -0.0158789 0.8011665 0.2677337 0.5349755
1403636658.663555 10.3530445 -3.8473127 11.3149586 -0.0202037 0.8025016 0.2643034 0.5345340
1403636658.863555 10.2247953 -3.6906030 11.0770569 -0.0231860 0.8074399 0.2506300 0.5335615
1403636658.963556 10.1780138 -3.6140478 10.9727345 -0.0140250 0.8084330 0.2485615 0.5333447
1403636659.163555 10.0849075 -3.4463515 10.7909222 0.0004887 0.8093032 0.2449874 0.5338628
1403636659.263556 10.0283756 -3.3522477 10.7209263 0.0029796 0.8093563 0.2439781 0.5342362
1403636659.363555 9.9705849 -3.2720861 10.6588211 -0.0002439 0.8079351 0.2485771 0.5342755
1403636659.463556 9.9087629 -3.2059870 10.5934305 -0.0071381 0.8055068 0.2553238 0.5347126
1403636659.713556 9.7786236 -3.0809894 10.4407578 -0.0072687 0.8076682 0.2522569 0.5329031
1403636659.813555 9.7266674 -3.0207286 10.3927937 -0.0066082 0.8090546 0.2506983 0.5315425
1403636659.963556 9.6483250 -2.9057038 10.3451958 -0.0090407 0.8088668 0.2554002 0.5295503
1403636660.163555 9.5595198 -2.7405822 10.3056660 -0.0190698 0.8057761 0.2683041 0.5276118
1403636660.263556 9.5204973 -2.6497190 10.2974577 -0.0212669 0.8049799 0.2717595 0.5269742
1403636660.413555 9.4877367 -2.5383637 10.2768936 -0.0323161 0.8003197 0.2855749 0.5262042
1403636660.563555 9.4933081 -2.4571133 10.2495928 -0.0335299 0.8006347 0.2844309 0.5262689
1403636660.813555 9.5710993 -2.2956464 10.2178955 -0.0243119 0.8125751 0.2470117 0.5273670
1403636660.963556 9.6275864 -2.1739964 10.2378731 -0.0240359 0.8154486 0.2367465 0.5276521
1403636661.113555 9.6907263 -2.0550323 10.2938290 -0.0129096 0.8144226 0.2399921 0.5281600
1403636661.263556 9.7502842 -1.9354414 10.3679037 -0.0051035 0.8133846 0.2429644 0.5285337
1403636661.413555 9.8009443 -1.8573879 10.4534626 -0.0031939 0.8134214 0.2427421 0.5285941
1403636661.663555 9.8571005 -1.7973982 10.6062889 0.0006955 0.8106176 0.2489683 0.5300127
1403636662.013556 9.8841257 -1.8738655 10.7951164 0.0180517 0.8081096 0.2517550 0.5322146
1403636662.263556 9.8389111 -1.9736573 10.9110470 0.0031308 0.8102847 0.2463031 0.5317553
1403636662.463556 9.7819662 -2.0091994 11.0298691 -0.0118531 0.8100074 0.2514222 0.5296551
1403636662.663555 9.7366152 -2.0176659 11.1753960 -0.0036424 0.8046614 0.2704616 0.5285428
1403636662.863555 9.7056789 -2.0035448 11.3193264 0.0157815 0.8021349 0.2795517 0.5274290
1403636663.063555 9.6721640 -1.9462427 11.4346542 0.0130167 0.7976195 0.2940617 0.5264613
1403636663.513556 9.6659594 -1.7953241 11.5145893 -0.0378666 0.8015252 0.2862226 0.5236413
1403636663.663555 9.7131805 -1.7016385 11.5347443 -0.0443887 0.8006413 0.2876636 0.5236915
1403636663.863555 9.8477526 -1.5957954 11.5621605 -0.0571803 0.8058484 0.2667986 0.5255068
1403636664.013556 10.0078449 -1.5742385 11.5921869 -0.0572795 0.8112068 0.2450835 0.5278227
1403636664.163555 10.2018204 -1.5899665 11.6537848 -0.0430836 0.8116825 0.2383766 0.5314997
1403636664.363555 10.4797583 -1.6269941 11.7850494 -0.0196636 0.8089733 0.2361914 0.5379492
1403636664.613555 10.8204250 -1.5697150 12.0407372 -0.0017036 0.8027655 0.2370183 0.5471626
1403636664.813555 11.0642843 -1.5618799 12.2668324 -0.0034334 0.7975551 0.2395304 0.5536420
1403636665.013556 11.2863445 -1.6237385 12.4882793 -0.0063807 0.7915565 0.2472841 0.5587918
1403636665.213556 11.5007296 -1.7109704 12.6946125 -0.0087140 0.7846390 0.2599574 0.5627503
1403636665.413555 11.7176714 -1.8369884 12.8928051 0.0049277 0.7851076 0.2562898 0.5638239
1403636665.613555 11.9264479 -1.9647315 13.0782804 -0.0163924 0.7895066 0.2487434 0.5608364
1403636666.213556 12.5336552 -2.3559487 13.7026367 0.0107280 0.7940395 0.2483111 0.5547320
1403636666.513556 12.7629604 -2.4438078 14.0294619 0.0191356 0.7902525 0.2539589 0.5573506
1403636666.813555 12.9172812 -2.5927153 14.2972851 -0.0080391 0.7844133 0.2627258 0.5617884
1403636667.113555 13.0973120 -2.7175262 14.5435352 0.0052429 0.7763623 0.2810481 0.5641330
1403636667.413555 13.3010273 -2.7380915 14.7410583 -0.0030518 0.7891973 0.2400114 0.5652900
1403636667.713556 13.4867210 -2.7634528 14.9738607 -0.0047440 0.7787622 0.2685310 0.5669197
1403636668.063555 13.7275639 -2.8529398 15.1712303 -0.0016442 0.7806322 0.2681339 0.5645484
1403636668.363555 13.9575596 -2.8091455 15.3358326 -0.0148249 0.7865562 0.2634105 0.5583228
1403636668.663555 14.2209749 -2.7334316 15.5346231 -0.0144779 0.7922020 0.2596951 0.5520551
1403636668.963556 14.5300655 -2.6867857 15.7636375 -0.0243773 0.8022403 0.2344218 0.5485095
1403636669.263556 14.8376560 -2.7784069 16.0459576 -0.0011335 0.8015177 0.2396408 0.5478508
1403636669.513556 15.0596199 -2.8221297 16.3386898 0.0031211 0.8030036 0.2358734 0.5473018
1403636669.763556 15.2261305 -2.8603330 16.6694756 0.0165010 0.8068905 0.2179191 0.5487865
1403636670.063555 15.2861538 -3.0023077 17.0738907 0.0561264 0.7868306 0.2663129 0.5539177
1403636670.413555 15.1631899 -3.1681638 17.3551006 0.0946713 0.7663320 0.2762760 0.5722275
1403636671.263556 13.7959642 -3.2268412 16.4299812 0.0861060 0.6269987 0.2362180 0.7373326
1403636671.613555 12.9719858 -3.0995631 15.3458548 -0.0230963 0.5893893 0.1996500 0.7824492
1403636672.063555 12.1825924 -2.9061632 14.0857735 -0.0834882 0.5722243 0.2109172 0.7881009
1403636672.463556 11.9820690 -2.9697971 13.2390671 -0.0867889 0.5947347 0.1591899 0.7832094
